#Analytic calculation at various loop orders
#The columns are 1) wavenumber, 2) linear theory, 3) 1 loop, 4) 2 loop, 5) 5 loop, 6) 10 loop, 7) 20 loop
#Initializing TFs
#KMIN = 1.01956e-05 500
#done!
#Sigma8 set: sNorm= 4.54581e-05
0.01 1.42149 1.39594 1.39619 1.39619 1.39619 1.39619 1.41042 1.43629 0.0328766
0.0101 1.45056 1.42396 1.42422 1.42422 1.42422 1.42422 1.43812 1.46547 0.0342187
0.010201 1.48006 1.45236 1.45265 1.45264 1.45264 1.45264 1.46627 1.49508 0.0356119
0.010303 1.51 1.48117 1.48147 1.48147 1.48147 1.48147 1.49489 1.52514 0.0370581
0.010406 1.54039 1.51038 1.5107 1.5107 1.5107 1.5107 1.52401 1.55565 0.0385592
0.0105101 1.57124 1.54001 1.54035 1.54035 1.54035 1.54035 1.55364 1.58661 0.040117
0.0106152 1.60257 1.57007 1.57042 1.57042 1.57042 1.57042 1.58379 1.61801 0.0417334
0.0107214 1.63436 1.60055 1.60093 1.60093 1.60093 1.60093 1.61444 1.64987 0.0434104
0.0108286 1.66665 1.63147 1.63187 1.63187 1.63187 1.63187 1.64555 1.68217 0.0451498
0.0109369 1.69941 1.66282 1.66325 1.66325 1.66325 1.66325 1.6771 1.71491 0.0469538
0.0110462 1.73267 1.69461 1.69506 1.69506 1.69506 1.69506 1.70902 1.7481 0.0488245
0.0111567 1.7664 1.72682 1.7273 1.7273 1.7273 1.7273 1.74128 1.78173 0.0507643
0.0112683 1.8006 1.75944 1.75995 1.75995 1.75995 1.75995 1.77384 1.81582 0.0527753
0.0113809 1.83526 1.79247 1.79301 1.79301 1.79301 1.79301 1.80669 1.85035 0.0548599
0.0114947 1.87036 1.82588 1.82645 1.82645 1.82645 1.82645 1.83981 1.88532 0.0570202
0.0116097 1.90588 1.85965 1.86027 1.86026 1.86026 1.86026 1.87324 1.92072 0.0592586
0.0117258 1.94182 1.89379 1.89443 1.89443 1.89443 1.89443 1.90701 1.95656 0.0615775
0.011843 1.97817 1.92826 1.92894 1.92894 1.92894 1.92894 1.94119 1.99282 0.0639795
0.0119615 2.01491 1.96306 1.96379 1.96378 1.96378 1.96378 1.97585 2.02952 0.0664673
0.0120811 2.05205 1.9982 1.99897 1.99896 1.99896 1.99896 2.01105 2.06665 0.0690436
0.0122019 2.08959 2.03367 2.03449 2.03448 2.03448 2.03448 2.04684 2.1042 0.0717112
0.0123239 2.12755 2.06949 2.07035 2.07034 2.07034 2.07034 2.08323 2.14217 0.0744728
0.0124472 2.16593 2.10566 2.10657 2.10656 2.10656 2.10656 2.1202 2.18056 0.0773312
0.0125716 2.20475 2.14219 2.14316 2.14315 2.14315 2.14315 2.15767 2.21936 0.0802892
0.0126973 2.24402 2.17909 2.18012 2.18011 2.18011 2.18011 2.19552 2.25857 0.0833498
0.0128243 2.28375 2.21637 2.21746 2.21745 2.21745 2.21745 2.23359 2.29816 0.0865157
0.0129526 2.32393 2.25403 2.25518 2.25517 2.25517 2.25517 2.27172 2.33815 0.0897903
0.0130821 2.36455 2.29205 2.29326 2.29325 2.29325 2.29325 2.30975 2.37852 0.0931766
0.0132129 2.4056 2.33041 2.33169 2.33167 2.33167 2.33167 2.34756 2.41928 0.0966781
0.013345 2.44705 2.36908 2.37043 2.37042 2.37042 2.37042 2.38509 2.46041 0.100298
0.0134785 2.48887 2.40803 2.40946 2.40945 2.40945 2.40945 2.42238 2.50191 0.10404
0.0136133 2.53103 2.44723 2.44874 2.44872 2.44872 2.44872 2.45956 2.54377 0.107907
0.0137494 2.57349 2.48664 2.48824 2.48822 2.48822 2.48822 2.49685 2.58597 0.111902
0.0138869 2.61625 2.52625 2.52794 2.52792 2.52792 2.52792 2.53451 2.62851 0.116029
0.0140258 2.65928 2.56605 2.56783 2.56781 2.56781 2.56781 2.57285 2.67138 0.120291
0.014166 2.7026 2.60603 2.60792 2.60789 2.60789 2.60789 2.61214 2.71457 0.124693
0.0143077 2.74621 2.64621 2.6482 2.64817 2.64817 2.64817 2.65253 2.75807 0.129238
0.0144508 2.79015 2.68661 2.68871 2.68868 2.68868 2.68868 2.69405 2.80187 0.133929
0.0145953 2.83443 2.72724 2.72946 2.72943 2.72943 2.72943 2.73659 2.84597 0.138771
0.0147412 2.87907 2.76813 2.77047 2.77044 2.77044 2.77044 2.77985 2.89035 0.143768
0.0148886 2.92408 2.80928 2.81175 2.81171 2.81171 2.81171 2.8234 2.935 0.148924
0.0150375 2.96946 2.85068 2.85328 2.85324 2.85324 2.85324 2.86676 2.97992 0.154242
0.0151879 3.01516 2.89229 2.89503 2.89499 2.89499 2.89499 2.90947 3.02508 0.159727
0.0153398 3.06114 2.93406 2.93695 2.93691 2.93691 2.93691 2.9512 3.07048 0.165382
0.0154932 3.10736 2.97595 2.97899 2.97895 2.97895 2.97895 2.99183 3.1161 0.171213
0.0156481 3.15374 3.01789 3.0211 3.02104 3.02104 3.02104 3.03146 3.16193 0.177223
0.0158046 3.20025 3.05983 3.06321 3.06315 3.06315 3.06315 3.07049 3.20796 0.183417
0.0159626 3.24685 3.10175 3.10531 3.10525 3.10525 3.10525 3.10945 3.25418 0.1898
0.0161223 3.29355 3.14364 3.14738 3.14732 3.14732 3.14732 3.14898 3.30058 0.196375
0.0162835 3.34035 3.18551 3.18945 3.18938 3.18938 3.18938 3.18961 3.34714 0.203149
0.0164463 3.3873 3.2274 3.23155 3.23147 3.23147 3.23147 3.23167 3.39386 0.210124
0.0166108 3.43445 3.26936 3.27372 3.27364 3.27364 3.27364 3.27513 3.44071 0.217307
0.0167769 3.48183 3.31141 3.31599 3.3159 3.3159 3.3159 3.31962 3.48768 0.224701
0.0169447 3.52945 3.35356 3.35838 3.35829 3.35829 3.35829 3.36447 3.53476 0.232311
0.0171141 3.57729 3.3958 3.40086 3.40076 3.40076 3.40076 3.40886 3.58194 0.240144
0.0172852 3.62531 3.43807 3.44339 3.44328 3.44328 3.44328 3.45201 3.62921 0.248204
0.0174581 3.67342 3.4803 3.48588 3.48577 3.48577 3.48577 3.49345 3.67657 0.256497
0.0176327 3.72155 3.5224 3.52827 3.52815 3.52815 3.52815 3.53313 3.724 0.265028
0.017809 3.76963 3.56431 3.57047 3.57034 3.57034 3.57034 3.57151 3.77148 0.273802
0.0179871 3.81761 3.60599 3.61245 3.61231 3.61231 3.61231 3.60945 3.81901 0.282825
0.018167 3.86551 3.64744 3.65422 3.65407 3.65407 3.65407 3.64801 3.86657 0.292103
0.0183486 3.91338 3.68872 3.69582 3.69567 3.69567 3.69567 3.68807 3.91415 0.301641
0.0185321 3.96129 3.72989 3.73734 3.73717 3.73717 3.73717 3.73012 3.96174 0.311445
0.0187174 4.00933 3.77103 3.77884 3.77866 3.77866 3.77866 3.774 4.00934 0.321523
0.0189046 4.05755 3.81218 3.82037 3.82018 3.82018 3.82018 3.8189 4.05694 0.331879
0.0190937 4.10594 3.85336 3.86193 3.86173 3.86173 3.86173 3.86359 4.10452 0.342521
0.0192846 4.15446 3.89449 3.90347 3.90326 3.90326 3.90326 3.9068 4.1521 0.353456
0.0194774 4.20301 3.9355 3.9449 3.94467 3.94467 3.94467 3.94762 4.19968 0.364692
0.0196722 4.2515 3.97628 3.98611 3.98587 3.98587 3.98587 3.98592 4.24727 0.376238
0.0198689 4.29984 4.01675 4.02705 4.02679 4.02679 4.02679 4.02239 4.29485 0.3881
0.0200676 4.34804 4.05693 4.0677 4.06742 4.06742 4.06742 4.05837 4.34237 0.400281
0.0202683 4.39619 4.09688 4.10814 4.10785 4.10785 4.10785 4.09533 4.38975 0.412782
0.020471 4.44444 4.13674 4.14852 4.14821 4.14821 4.14821 4.13427 4.43696 0.425607
0.0206757 4.49297 4.1767 4.18901 4.18868 4.18868 4.18868 4.17528 4.4842 0.438784
0.0208825 4.54194 4.21689 4.22975 4.2294 4.2294 4.2294 4.21734 4.53177 0.452352
0.0210913 4.59145 4.25738 4.27082 4.27045 4.27045 4.27045 4.25875 4.57992 0.466347
0.0213022 4.64146 4.29816 4.31221 4.31181 4.31181 4.31181 4.29786 4.62823 0.480739
0.0215152 4.69189 4.33912 4.35379 4.35337 4.35337 4.35337 4.33395 4.67559 0.49542
0.0217304 4.7426 4.38013 4.39546 4.39501 4.39501 4.39501 4.36793 4.72082 0.510267
0.0219477 4.79349 4.42109 4.4371 4.43663 4.43663 4.43663 4.40232 4.76425 0.525312
0.0221672 4.84456 4.46199 4.47872 4.47821 4.47821 4.47821 4.4405 4.80965 0.540976
0.0223888 4.89588 4.50291 4.52038 4.51984 4.51984 4.51984 4.48535 4.86152 0.557802
0.0226127 4.9476 4.54397 4.56221 4.56164 4.56164 4.56164 4.53777 4.92346 0.576264
0.0228388 4.99981 4.58528 4.60431 4.60371 4.60371 4.60371 4.5958 4.99173 0.595997
0.0230672 5.05251 4.62681 4.64667 4.64603 4.64603 4.64603 4.6548 5.05941 0.616221
0.0232979 5.10553 4.66842 4.68914 4.68847 4.68847 4.68847 4.70894 5.11929 0.636046
0.0235309 5.1586 4.70984 4.73146 4.73075 4.73075 4.73075 4.75345 5.16972 0.655222
0.0237662 5.21139 4.75079 4.77334 4.77258 4.77258 4.77258 4.78685 5.21488 0.674231
0.0240038 5.26372 4.79109 4.81459 4.81379 4.81379 4.81379 4.81187 5.25953 0.693671
0.0242439 5.31558 4.83074 4.85522 4.85438 4.85438 4.85438 4.83474 5.30706 0.714009
0.0244863 5.36718 4.86992 4.89543 4.89453 4.89453 4.89453 4.86262 5.35687 0.735197
0.0247312 5.41883 4.90893 4.93549 4.93454 4.93454 4.93454 4.9004 5.40768 0.757088
0.0249785 5.47079 4.94799 4.97564 4.97464 4.97464 4.97464 4.94837 5.45827 0.779531
0.0252283 5.52312 4.98716 5.01594 5.01489 5.01489 5.01489 5.00187 5.50861 0.802532
0.0254806 5.57568 5.0263 5.05625 5.05514 5.05514 5.05514 5.05345 5.55915 0.826174
0.0257354 5.6282 5.06516 5.09632 5.09514 5.09514 5.09514 5.09667 5.6104 0.850551
0.0259927 5.68051 5.10355 5.13596 5.13472 5.13472 5.13472 5.12946 5.66251 0.875706
0.0262527 5.73263 5.14151 5.17521 5.1739 5.1739 5.1739 5.1554 5.71522 0.901623
0.0265152 5.78487 5.17931 5.21434 5.21296 5.21296 5.21296 5.18193 5.7682 0.928272
0.0267803 5.83762 5.21731 5.25372 5.25227 5.25227 5.25227 5.21634 5.82145 0.955672
0.0270481 5.89119 5.25576 5.2936 5.29207 5.29207 5.29207 5.26171 5.87584 0.983989
0.0273186 5.94554 5.29464 5.33396 5.33235 5.33235 5.33235 5.31504 5.93249 1.01344
0.0275918 6.00039 5.33365 5.37452 5.37283 5.37282 5.37282 5.36891 5.99222 1.04422
0.0278677 6.05536 5.37247 5.41493 5.41315 5.41315 5.41315 5.4156 6.05282 1.07598
0.0281464 6.11038 5.41099 5.4551 5.45322 5.45322 5.45322 5.45141 6.11041 1.10806
0.0284279 6.16576 5.44948 5.4953 5.49333 5.49333 5.49333 5.47848 6.16094 1.13967
0.0287121 6.22215 5.48851 5.53611 5.53404 5.53404 5.53404 5.50327 6.20457 1.17081
0.0289993 6.28018 5.52862 5.57808 5.57589 5.57589 5.57589 5.5328 6.24713 1.20254
0.0292893 6.34011 5.56998 5.62139 5.61909 5.61909 5.61909 5.57118 6.29522 1.23616
0.0295822 6.40169 5.61234 5.66579 5.66338 5.66337 5.66337 5.61852 6.35366 1.27271
0.029878 6.46445 5.65526 5.71085 5.7083 5.7083 5.7083 5.67232 6.42015 1.31188
0.0301768 6.52814 5.69846 5.7563 5.75361 5.75361 5.75361 5.72956 6.4907 1.35295
0.0304785 6.593 5.74216 5.80234 5.79951 5.79951 5.79951 5.78753 6.56132 1.39516
0.0307833 6.65962 5.78686 5.84951 5.84652 5.84652 5.84652 5.84334 6.63122 1.43836
0.0310911 6.72851 5.83297 5.89822 5.89508 5.89507 5.89507 5.89346 6.70151 1.48283
0.031402 6.79964 5.88045 5.94844 5.94512 5.94511 5.94511 5.93534 6.7734 1.52886
0.0317161 6.87252 5.9288 5.99967 5.99616 5.99616 5.99616 5.97047 6.84763 1.57668
0.0320332 6.94667 5.97756 6.05146 6.04775 6.04774 6.04775 6.00589 6.92417 1.62635
0.0323536 7.02228 6.02681 6.10392 6.09999 6.09998 6.09998 6.05133 7.00292 1.67791
0.0326771 7.10025 6.07728 6.15779 6.15363 6.15362 6.15362 6.11228 7.0837 1.73138
0.0330039 7.18164 6.12982 6.21396 6.20954 6.20953 6.20953 6.1845 7.16598 1.7867
0.0333339 7.26687 6.18472 6.27273 6.26804 6.26803 6.26803 6.25558 7.24914 1.84376
0.0336672 7.35544 6.24146 6.33361 6.32861 6.32861 6.32861 6.31447 7.33268 1.90249
0.0340039 7.44647 6.29921 6.39577 6.39045 6.39044 6.39044 6.36165 7.41814 1.96335
0.034344 7.53962 6.35762 6.45888 6.4532 6.45319 6.45319 6.41042 7.50856 2.02723
0.0346874 7.6354 6.41711 6.52338 6.51732 6.51731 6.51731 6.4761 7.60719 2.09514
0.0350343 7.73457 6.4783 6.58991 6.58343 6.58342 6.58342 6.56156 7.71457 2.16742
0.0353846 7.83704 6.5411 6.6584 6.65146 6.65145 6.65145 6.65294 7.82643 2.24304
0.0357385 7.94159 6.60447 6.72779 6.72036 6.72034 6.72034 6.7312 7.93765 2.32065
0.0360958 8.04682 6.66719 6.79687 6.7889 6.78889 6.78889 6.78971 8.04403 2.39902
0.0364568 8.15237 6.72897 6.86534 6.8568 6.85678 6.85678 6.84043 8.14702 2.47857
0.0368214 8.2592 6.7906 6.93402 6.92486 6.92485 6.92485 6.90133 8.24985 2.5603
0.0371896 8.36836 6.85293 7.0038 6.99398 6.99396 6.99396 6.97769 8.35585 2.64532
0.0375615 8.47967 6.91575 7.0745 7.06396 7.06394 7.06394 7.05735 8.46585 2.73402
0.0379371 8.5918 6.97789 7.14493 7.13363 7.1336 7.1336 7.12606 8.57875 2.82616
0.0383165 8.70383 7.03854 7.2143 7.20217 7.20214 7.20214 7.18509 8.69329 2.92146
0.0386996 8.81641 7.09823 7.28316 7.27014 7.27011 7.27011 7.24964 8.80885 3.0198
0.0390866 8.93092 7.15809 7.3527 7.33872 7.33868 7.33868 7.32866 8.92614 3.12151
0.0394775 9.04757 7.21826 7.42306 7.40806 7.40802 7.40802 7.41134 9.04607 3.22704
0.0398723 9.16476 7.27743 7.49293 7.47682 7.47678 7.47678 7.47928 9.1691 3.33668
0.040271 9.28089 7.33429 7.56097 7.54369 7.54363 7.54363 7.53095 9.29286 3.44968
0.0406737 9.39633 7.38914 7.62751 7.60897 7.60891 7.60891 7.58566 9.41386 3.56484
0.0410804 9.5128 7.4434 7.69401 7.67413 7.67406 7.67406 7.65889 9.5286 3.68082
0.0414912 9.63085 7.49748 7.76091 7.7396 7.73953 7.73953 7.74048 9.63774 3.79781
0.0419062 9.74871 7.54996 7.82679 7.80395 7.80387 7.80387 7.80738 9.74575 3.91757
0.0423252 9.86465 7.59946 7.8902 7.86575 7.86565 7.86565 7.85597 9.85757 4.04216
0.0427485 9.97948 7.64661 7.95183 7.92567 7.92556 7.92556 7.90761 9.97592 4.17291
0.043176 10.0956 7.69326 8.01364 7.98565 7.98553 7.98553 7.9757 10.0981 4.30895
0.0436077 10.2136 7.73973 8.07599 8.04606 8.04591 8.04591 8.04254 10.2207 4.44888
0.0440438 10.3311 7.78423 8.13706 8.10505 8.10489 8.10489 8.08627 10.3401 4.59134
0.0444842 10.4464 7.82545 8.19546 8.16126 8.16108 8.16108 8.12247 10.456 4.73614
0.0449291 10.5605 7.86434 8.25214 8.21563 8.21543 8.21543 8.19039 10.5692 4.88364
0.0453784 10.6744 7.902 8.30817 8.26924 8.26902 8.26902 8.29086 10.6804 5.03421
0.0458321 10.786 7.9371 8.36204 8.32059 8.32034 8.32034 8.3684 10.7895 5.18786
0.0462905 10.8921 7.96731 8.41125 8.36721 8.36694 8.36694 8.38075 10.8956 5.34415
0.0467534 10.993 7.99304 8.45619 8.4095 8.4092 8.4092 8.36467 10.9975 5.50254
0.0472209 11.0924 8.01699 8.49975 8.45031 8.44997 8.44997 8.39343 11.0948 5.66283
0.0476931 11.1913 8.03982 8.54262 8.49034 8.48997 8.48997 8.47685 11.1891 5.82575
0.04817 11.2863 8.05911 8.58221 8.527 8.5266 8.5266 8.55017 11.2822 5.99232
0.0486517 11.3752 8.07363 8.61703 8.55887 8.55843 8.55843 8.56978 11.3758 6.16345
0.0491383 11.4601 8.08534 8.64898 8.58785 8.58737 8.58737 8.5693 11.4681 6.33834
0.0496296 11.5419 8.09533 8.67903 8.61493 8.61442 8.61442 8.59542 11.5559 6.51526
0.0501259 11.6173 8.10137 8.70466 8.63766 8.63711 8.63711 8.63659 11.6359 6.69224
0.0506272 11.6844 8.10228 8.72452 8.6547 8.65411 8.65411 8.65575 11.707 6.86842
0.0511335 11.7476 8.10099 8.74177 8.66921 8.66859 8.66859 8.65407 11.7703 7.0444
0.0516448 11.8105 8.09985 8.75904 8.68376 8.6831 8.6831 8.65534 11.8276 7.22098
0.0521613 11.8703 8.09677 8.77409 8.69615 8.69546 8.69546 8.66178 11.88 7.39875
0.0526829 11.924 8.09 8.78484 8.70436 8.70365 8.70365 8.67107 11.9272 7.57745
0.0532097 11.9736 8.08169 8.79314 8.71031 8.70959 8.70959 8.69891 11.9686 7.75661
0.0537418 12.0182 8.07247 8.79899 8.71414 8.71341 8.71341 8.73772 12.0038 7.93575
0.0542792 12.0509 8.05883 8.79777 8.71145 8.71073 8.71073 8.73947 12.0327 8.11475
0.054822 12.0701 8.0402 8.78843 8.7013 8.70062 8.70062 8.68811 12.0557 8.2937
0.0553702 12.0833 8.02119 8.77622 8.68887 8.68826 8.68826 8.63624 12.0733 8.47275
0.0559239 12.0944 8.00333 8.76332 8.67625 8.67573 8.67573 8.6271 12.0859 8.65205
0.0564832 12.1002 7.98387 8.74692 8.66064 8.66024 8.66024 8.63987 12.0939 8.83183
0.057048 12.1023 7.96395 8.72819 8.64322 8.64299 8.64299 8.6399 12.0979 9.01234
0.0576185 12.1058 7.94698 8.71078 8.62767 8.62763 8.62763 8.61798 12.0985 9.19394
0.0581947 12.1071 7.93089 8.69217 8.61154 8.61175 8.61175 8.57806 12.0964 9.37708
0.0587766 12.1032 7.91345 8.66988 8.59243 8.59294 8.59294 8.54532 12.0923 9.56234
0.0593644 12.1014 7.89853 8.64878 8.57504 8.57591 8.57591 8.54664 12.0872 9.75037
0.059958 12.1045 7.88733 8.63049 8.56093 8.56221 8.56221 8.54922 12.0817 9.94184
0.0605576 12.1049 7.87558 8.6098 8.54508 8.54685 8.54685 8.51395 12.0766 10.1375
0.0611632 12.1037 7.86434 8.58754 8.5284 8.53074 8.53074 8.49027 12.0729 10.338
0.0617748 12.1065 7.8571 8.56764 8.51479 8.51778 8.51778 8.51016 12.0713 10.5444
0.0623926 12.1079 7.85049 8.54616 8.50041 8.50416 8.50416 8.49438 12.0724 10.7574
0.0630165 12.1074 7.84338 8.52233 8.48443 8.48904 8.48904 8.43024 12.0772 10.9779
0.0636466 12.1152 7.84028 8.50264 8.47292 8.4785 8.4785 8.42442 12.0862 11.2069
0.0642831 12.128 7.83908 8.48476 8.46362 8.47027 8.47027 8.46604 12.1002 11.4454
0.0649259 12.1392 7.83642 8.46426 8.45228 8.46013 8.46013 8.4501 12.1197 11.6943
0.0655752 12.1584 7.83651 8.44734 8.44471 8.45387 8.45387 8.40911 12.1454 11.9546
0.066231 12.1893 7.83848 8.43555 8.44181 8.45238 8.45238 8.40434 12.1777 12.2274
0.0668933 12.2287 7.83765 8.4259 8.44009 8.4521 8.4521 8.40145 12.2172 12.5136
0.0675622 12.2854 7.8373 8.42425 8.44473 8.45822 8.45822 8.41744 12.2642 12.8142
0.0682378 12.3552 7.83684 8.42843 8.45392 8.46892 8.46892 8.46376 12.3192 13.1304
0.0689202 12.4231 7.83189 8.4296 8.45986 8.47644 8.47644 8.46255 12.3824 13.4631
0.0696094 12.4962 7.82659 8.43271 8.46734 8.48561 8.48561 8.43888 12.4542 13.8133
0.0703055 12.5759 7.82032 8.43847 8.47669 8.49671 8.49671 8.46077 12.5347 14.1821
0.0710085 12.6552 7.80848 8.44206 8.483 8.50481 8.50481 8.48349 12.6242 14.5704
0.0717186 12.7457 7.79506 8.45104 8.49295 8.51651 8.51652 8.49206 12.7227 14.9792
0.0724358 12.846 7.77778 8.46439 8.50505 8.5303 8.5303 8.49345 12.8303 15.4095
0.0731602 12.9518 7.75234 8.47923 8.51585 8.5426 8.5426 8.49365 12.9469 15.8621
0.0738918 13.0779 7.72214 8.50501 8.53313 8.56104 8.56104 8.53918 13.0721 16.3374
0.0746307 13.2163 7.68272 8.53695 8.55197 8.58061 8.58061 8.55536 13.2058 16.8362
0.075377 13.3635 7.63277 8.57357 8.57077 8.59962 8.59962 8.54311 13.3472 17.3585
0.0761308 13.5264 7.57658 8.61994 8.59442 8.6229 8.6229 8.60787 13.4955 17.9042
0.0768921 13.683 7.51179 8.66322 8.6129 8.64061 8.64061 8.62644 13.6496 18.4727
0.077661 13.8325 7.4442 8.7036 8.62818 8.65493 8.65493 8.62054 13.8084 19.0632
0.0784376 13.9764 7.37565 8.74207 8.64161 8.66721 8.66721 8.66506 13.9704 19.6744
0.079222 14.1115 7.29958 8.77626 8.64936 8.6734 8.6734 8.61804 14.1337 20.3045
0.0800142 14.2641 7.21518 8.82255 8.66277 8.68415 8.68415 8.63398 14.2966 20.9514
0.0808144 14.4252 7.1172 8.876 8.6765 8.69387 8.69387 8.69221 14.4574 21.6128
0.0816225 14.5898 7.00908 8.93412 8.68985 8.70198 8.70198 8.65123 14.6142 22.2864
0.0824387 14.7573 6.8968 8.99675 8.70474 8.71062 8.71061 8.69715 14.7653 22.9694
0.0832631 14.9081 6.77998 9.05161 8.71241 8.71142 8.71141 8.68266 14.9089 23.659
0.0840957 15.0549 6.66561 9.10605 8.72053 8.71221 8.7122 8.66467 15.0437 24.3527
0.0849367 15.1768 6.55712 9.14578 8.72038 8.70515 8.70514 8.7159 15.1682 25.0478
0.0857861 15.2754 6.46047 9.17026 8.71382 8.69278 8.69277 8.64415 15.281 25.7412
0.0866439 15.3613 6.37316 9.18551 8.70437 8.67838 8.67837 8.64607 15.381 26.4306
0.0875104 15.434 6.28705 9.19168 8.68932 8.65872 8.6587 8.62939 15.4674 27.1132
0.0883855 15.5128 6.20298 9.20098 8.6776 8.64229 8.64227 8.60151 15.5392 27.7866
0.0892693 15.5739 6.12302 9.19689 8.65841 8.61943 8.61941 8.60085 15.5958 28.4484
0.090162 15.6313 6.05333 9.18656 8.63904 8.59798 8.59795 8.55312 15.6368 29.0966
0.0910636 15.6692 5.99542 9.15817 8.61181 8.57141 8.57138 8.54674 15.6621 29.7292
0.0919743 15.6921 5.95555 9.11163 8.57897 8.54324 8.54321 8.50544 15.6714 30.345
0.092894 15.6895 5.9433 9.03537 8.5359 8.51151 8.51147 8.4884 15.6658 30.9437
0.093823 15.6564 5.96319 8.92214 8.47909 8.47484 8.4748 8.43906 15.646 31.5259
0.0947612 15.6119 6.00764 8.78493 8.41467 8.43877 8.43873 8.3966 15.6133 32.0922
0.0957088 15.5518 6.06881 8.62205 8.33832 8.39888 8.39884 8.36548 15.5691 32.6448
0.0966659 15.4956 6.14395 8.44636 8.25771 8.3626 8.36258 8.33357 15.5155 33.1862
0.0976325 15.4335 6.22342 8.25467 8.16672 8.32299 8.32297 8.26436 15.4544 33.7199
0.0986089 15.3953 6.29393 8.07287 8.07834 8.28945 8.28946 8.26854 15.3881 34.2502
0.099595 15.3476 6.37058 7.87184 7.97729 8.25164 8.25168 8.20036 15.3195 34.7827
0.100591 15.2927 6.47711 7.63979 7.86319 8.21652 8.21661 8.19748 15.2512 35.3238
0.101597 15.2045 6.62332 7.35176 7.72116 8.17492 8.17508 8.12615 15.1863 35.8805
0.102613 15.1322 6.7718 7.059 7.57317 8.13843 8.13869 8.09807 15.1276 36.46
0.103639 15.0759 6.89154 6.78124 7.42227 8.09993 8.10031 8.05753 15.0777 37.0703
0.104675 15.058 6.97518 6.54019 7.28134 8.06786 8.06838 8.0305 15.0396 37.7198
0.105722 15.045 7.03981 6.3058 7.13544 8.0323 8.03298 7.98941 15.0152 38.4157
0.106779 15.054 7.08678 6.08937 6.99297 8.00115 8.00202 7.9643 15.0062 39.1643
0.107847 15.0545 7.13406 5.86005 6.83826 7.96559 7.96669 7.9252 15.0142 39.9729
0.108926 15.0668 7.17565 5.63496 6.68122 7.93299 7.93435 7.89463 15.0403 40.8472
0.110015 15.0865 7.1928 5.42777 6.52698 7.89786 7.8995 7.85471 15.0847 41.7912
0.111115 15.1467 7.14295 5.29694 6.40688 7.86605 7.86794 7.82461 15.1476 42.8089
0.112226 15.2354 7.03023 5.23783 6.32263 7.83425 7.83631 7.79458 15.2288 43.9036
0.113348 15.3355 6.88458 5.21821 6.26214 7.80169 7.80382 7.76562 15.3271 45.075
0.114482 15.467 6.67476 5.28202 6.25285 7.7713 7.77331 7.71972 15.4407 46.3218
0.115627 15.6093 6.41494 5.40987 6.28983 7.73796 7.73955 7.70839 15.5678 47.6418
0.116783 15.7403 6.18357 5.5112 6.32391 7.70634 7.70732 7.66127 15.7057 49.0301
0.117951 15.8463 5.97424 5.58388 6.35373 7.66955 7.66965 7.62297 15.8514 50.4795
0.11913 15.9739 5.72297 5.72012 6.43654 7.63594 7.63461 7.59764 16.0014 51.9815
0.120322 16.113 5.42426 5.9259 6.58363 7.60123 7.59767 7.54533 16.1524 53.5264
0.121525 16.2985 4.99778 6.31851 6.88384 7.56813 7.56086 7.51977 16.3008 55.1041
0.12274 16.5098 4.50346 6.82467 7.29818 7.53858 7.52593 7.48119 16.4432 56.7028
0.123967 16.6228 4.21325 7.0477 7.53816 7.50193 7.48382 7.44501 16.5759 58.3091
0.125207 16.6572 4.13792 6.95825 7.5491 7.46444 7.44161 7.39375 16.6955 59.9105
0.126459 16.6981 4.0385 6.89755 7.58844 7.42666 7.39803 7.35103 16.7989 61.493
0.127724 16.8104 3.73456 7.14861 7.9061 7.39289 7.35455 7.30775 16.8826 63.0416
0.129001 17.0018 3.21964 7.7418 8.55635 7.36847 7.31486 7.26897 16.9447 64.5454
0.130291 17.0922 2.95473 7.94753 8.89608 7.33715 7.26956 7.22798 16.9844 65.9969
0.131594 17.0095 3.20494 7.30245 8.41639 7.29234 7.22122 7.1757 17.0007 67.388
0.13291 16.9087 3.54586 6.47045 7.69224 7.24335 7.17414 7.12269 16.9939 68.7153
0.134239 16.8941 3.61335 6.07212 7.3775 7.19837 7.12562 7.07963 16.9664 69.983
0.135581 16.8945 3.65234 5.70586 7.07208 7.15371 7.0784 7.03371 16.9208 71.1977
0.136937 16.87 3.7888 5.14728 6.51828 7.10177 7.03159 6.98011 16.86 72.368
0.138307 16.8465 3.9052 4.60319 5.95157 7.04326 6.98195 6.93669 16.788 73.5072
0.13969 16.7326 4.35476 3.40968 4.51841 6.95274 6.93211 6.88503 16.7091 74.632
0.141086 16.6369 4.7782 2.21645 2.97375 6.84737 6.88374 6.83249 16.6276 75.7612
0.142497 16.5654 5.10837 1.16401 1.5315 6.7296 6.83321 6.78555 16.548 76.9138
0.143922 16.4511 5.61242 -0.273065 -0.548516 6.5672 6.78213 6.73398 16.4742 78.1097
0.145362 16.426 5.81851 -1.15181 -1.92408 6.41968 6.73356 6.68271 16.4104 79.3713
0.146815 16.428 5.90802 -1.80585 -2.98766 6.27394 6.6838 6.63362 16.3606 80.7212
0.148283 16.3594 6.26279 -3.03663 -5.00166 6.05302 6.63187 6.58222 16.3281 82.1797
0.149766 16.2699 6.73534 -4.56527 -7.62736 5.7616 6.58111 6.53219 16.3159 83.769
0.151264 16.2984 6.73587 -5.08446 -8.57962 5.57694 6.53167 6.47586 16.3269 85.5102
0.152776 16.4395 6.21813 -4.41167 -7.26075 5.60902 6.48074 6.43091 16.3603 87.4077
0.154304 16.4603 6.19527 -4.8461 -7.87031 5.49137 6.4282 6.37645 16.4144 89.4595
0.155847 16.4493 6.33269 -5.67188 -9.24456 5.30133 6.37658 6.32407 16.4872 91.6621
0.157406 16.5252 6.0797 -5.56488 -8.66359 5.38965 6.32512 6.27146 16.5753 94.0044
0.15898 16.677 5.4316 -4.44264 -5.66198 5.94088 6.27101 6.21956 16.6745 96.4678
0.16057 16.8424 4.66791 -2.95894 -1.46919 6.89287 6.21331 6.16656 16.7801 99.0298
0.162175 16.9149 4.3468 -2.56907 0.470701 7.65042 6.15424 6.11573 16.8872 101.665
0.163797 16.9352 4.30466 -2.91654 0.714339 8.19755 6.09452 6.05933 16.9911 104.347
0.165435 17.0611 3.71057 -1.77365 4.89808 9.84751 6.02722 6.0064 17.0868 107.044
0.167089 17.1541 3.25396 -0.957833 8.57801 11.7104 5.95274 5.95278 17.1693 109.723
0.16876 17.2899 2.53069 0.655042 14.8374 14.7458 5.86351 5.90059 17.2354 112.359
0.170448 17.3091 2.44322 0.46942 16.1842 16.4842 5.77663 5.84595 17.2821 114.928
0.172152 17.2807 2.64912 -0.620914 14.7003 17.1092 5.69846 5.79055 17.3068 117.405
0.173874 17.2496 2.8975 -1.90102 12.3864 17.1065 5.63273 5.73593 17.3091 119.781
0.175613 17.2704 2.84411 -2.2934 12.8751 18.2484 5.56288 5.68252 17.2909 122.06
0.177369 17.3457 2.44021 -1.57178 17.396 21.8082 5.46475 5.62816 17.2544 124.251
0.179142 17.307 2.73402 -3.08591 14.0335 20.3573 5.49027 5.57323 17.2027 126.368
0.180934 17.069 4.33586 -9.02525 -6.74902 4.23066 5.98145 5.51856 17.1406 128.443
0.182743 16.9626 5.12712 -12.4335 -18.9436 -8.59736 6.61821 5.46415 17.0736 130.513
0.184571 17.1336 4.05541 -9.45515 -4.97124 2.15622 6.60553 5.40971 17.0071 132.617
0.186416 16.9966 5.08223 -13.7848 -21.561 -18.1863 7.97483 5.35482 16.9457 134.795
0.18828 16.782 6.70995 -20.4659 -50.1211 -58.6787 10.9466 5.30016 16.894 137.085
0.190163 16.7862 6.8017 -21.6622 -54.339 -71.9572 12.9606 5.24566 16.8566 139.53
0.192065 16.9299 5.8402 -18.8362 -38.1583 -51.4295 12.3658 5.19137 16.8362 142.162
0.193986 16.9021 6.13587 -20.7259 -44.619 -64.6171 13.9521 5.13694 16.8334 144.996
0.195925 16.7503 7.40644 -26.5332 -72.5089 -124.03 20.6362 5.08256 16.8487 148.045
0.197885 16.8511 6.70483 -24.5373 -58.0436 -94.1466 15.771 5.02849 16.8815 151.314
0.199864 17.0215 5.3923 -19.8729 -26.0198 -4.65445 -3.43889 4.9744 16.9278 154.78
0.201862 17.0318 5.35735 -20.4027 -23.071 20.2466 -18.3585 4.92044 16.9829 158.404
0.203881 16.9438 6.16328 -24.5984 -43.5327 -32.9122 -18.9141 4.86675 17.0415 162.146
0.20592 17.0729 5.10514 -20.704 -11.3281 103.552 -75.1101 4.8131 17.099 165.963
0.207979 17.3224 2.92506 -11.5646 60.231 443.438 -222.767 4.75969 17.1507 169.811
0.210059 17.1328 4.66605 -20.1784 7.70652 233.407 -171.898 4.70641 17.1915 173.636
0.212159 17.1013 5.01036 -22.5816 -2.52543 186.441 -158.384 4.65338 17.2181 177.4
0.214281 17.2656 3.4904 -16.0501 57.7027 573.089 -396.826 4.60058 17.2294 181.084
0.216424 17.278 3.38074 -16.1603 68.22 690.993 -498.825 4.54798 17.2244 184.671
0.218588 17.1207 4.95616 -24.7403 6.46629 229.973 -60.8295 4.49559 17.2032 188.151
0.220774 17.1833 4.36007 -22.4928 37.1042 489.954 -214.071 4.44349 17.1688 191.549
0.222981 17.2364 3.84524 -20.5718 67.1315 792.256 -443.926 4.39167 17.1253 194.904
0.225211 17.041 5.96269 -32.6954 -38.0291 -451.9 1820.85 4.34009 17.0768 198.259
0.227463 16.901 7.56023 -42.3932 -125.792 -1746.27 4962.07 4.2888 17.0277 201.662
0.229738 17.1803 4.54804 -26.5707 52.7725 735.391 -52.5092 4.23784 16.9822 205.166
0.232035 16.8881 7.87097 -46.27 -147.629 -2620.23 9420.19 4.18716 16.945 208.831
0.234356 16.8362 8.49381 -50.8363 -186.589 -3587.12 13488.9 4.1368 16.9191 212.702
0.236699 17.0238 6.26621 -38.4094 -20.3368 -105.439 -1343.32 4.08677 16.9048 216.795
0.239066 16.8916 7.84614 -48.7228 -127.467 -2556.62 7673.06 4.03709 16.9025 221.122
0.241457 16.9204 7.54892 -47.834 -97.3963 -1873.81 1605.19 3.98775 16.9117 225.69
0.243871 16.8471 8.53711 -55.0479 -174.967 -4397.28 16902.3 3.93876 16.929 230.461
0.24631 17.0742 5.62335 -37.0636 102.378 5163.63 -68913.9 3.89014 16.95 235.385
0.248773 16.9213 7.54983 -50.397 -64.4044 -1174.84 -9309.76 3.84189 16.9702 240.403
0.251261 16.7172 10.2681 -69.5935 -334.106 -13690.7 154842 3.79402 16.9863 245.468
0.253774 17.3421 1.73905 -11.645 626.702 35310.8 -614874 3.74652 16.9955 250.537
0.256311 16.9083 7.75559 -54.3657 -40.6631 -492.811 -20504.4 3.69941 16.9949 255.563
0.258874 16.8221 8.90955 -63.4995 -170.93 -10554.3 261558 3.65271 16.9831 260.52
0.261463 17.1215 4.46552 -31.5062 451.163 35300.5 -998175 3.60642 16.9616 265.419
0.264078 17.0113 6.11543 -44.4774 254.521 21256.4 -648905 3.56053 16.932 270.282
0.266719 16.7731 9.67364 -72.4915 -260.441 -29342.7 1.54264e+06 3.51504 16.8964 275.135
0.269386 16.9225 7.22809 -54.1004 157.661 10965.5 -42367.2 3.46997 16.858 280.027
0.27208 16.7979 9.2393 -71.0382 -160.165 -28685.4 2.42354e+06 3.42533 16.8204 285.019
0.2748 16.6293 11.8916 -93.4231 -615.178 -94608 7.45248e+06 3.38111 16.7873 290.176
0.277548 17.0657 4.47129 -32.0201 879.175 134572 -1.24435e+07 3.33732 16.7605 295.535
0.280324 16.5123 13.84 -112.231 -999.576 -183935 1.88239e+07 3.29397 16.7402 301.112
0.283127 16.8545 7.76207 -60.2824 361.245 67289.4 -1.03032e+07 3.25105 16.7268 306.918
0.285958 16.6772 10.8007 -87.8369 -300.615 -83276.9 1.2971e+07 3.20856 16.7195 312.95
0.288818 16.4689 14.5195 -122.421 -1196.64 -320374 5.84124e+07 3.1665 16.7155 319.164
0.291706 17.0171 4.11667 -26.1004 1672.5 509706 -1.36368e+08 3.12489 16.7116 325.504
0.294623 16.6665 10.637 -87.701 -47.1925 4895.54 -2.715e+07 3.08372 16.705 331.914
0.29757 16.583 11.9437 -100.569 -368.763 -132678 2.27887e+07 3.04299 16.694 338.364
0.300545 16.9991 3.77137 -21.0085 2298.05 945074 -3.96463e+08 3.00271 16.6778 344.83
0.303551 16.3982 15.4293 -137.718 -1528.34 -823299 4.66274e+08 2.96287 16.6555 351.289
0.306586 16.6403 10.5263 -89.0723 218.954 -33562.2 1.35008e+08 2.92348 16.6275 357.747
0.309652 16.6875 9.0819 -72.9959 983.077 476091 -2.64026e+08 2.88453 16.5958 364.243
0.312749 16.3663 15.8861 -146.395 -1718.13 -1.33617e+06 1.26312e+09 2.84603 16.5625 370.82
0.315876 16.685 8.53185 -65.9991 1608.7 1.0913e+06 -1.13042e+09 2.80796 16.5296 377.521
0.319035 16.4289 14.1281 -128.799 -871.774 -1.02909e+06 1.46027e+09 2.77035 16.4984 384.381
0.322225 16.443 13.4201 -120.376 -350.579 -553528 6.85605e+08 2.73317 16.4701 391.437
0.325447 16.5099 11.5738 -98.5239 829.003 846736 -2.53117e+09 2.69643 16.446 398.72
0.328702 16.4391 12.9387 -114.174 302.916 363875 -2.4674e+09 2.66013 16.4252 406.219
0.331989 16.6676 6.99198 -41.5091 4068.97 5.60893e+06 -1.67074e+10 2.62427 16.4059 413.898
0.335309 15.9115 25.4211 -269.812 -7498.48 -1.30707e+07 4.72759e+10 2.58885 16.3866 421.72
0.338662 16.7539 3.85475 2.29332 7156.11 1.26739e+07 -5.28143e+10 2.55386 16.3659 429.654
0.342049 15.9951 22.8639 -240.797 -6003.59 -1.31571e+07 6.62182e+10 2.5193 16.3431 437.678
0.345469 16.6026 6.57714 -26.5806 6570.68 1.51358e+07 -9.86498e+10 2.48518 16.3171 445.767
0.348924 16.147 18.2978 -182.305 -2472.86 -7.47174e+06 5.4782e+10 2.45148 16.2878 453.909
0.352413 16.3677 11.9027 -95.3726 3040.68 6.43018e+06 -3.10702e+10 2.41821 16.256 462.129
0.355937 15.9979 21.7815 -232.866 -5727.27 -2.31876e+07 2.99947e+11 2.38535 16.223 470.459
0.359496 16.3008 12.6283 -100.656 3651.78 1.24284e+07 -1.79684e+11 2.35291 16.1899 478.936
0.363091 16.2616 13.1461 -105.411 3861.77 1.65698e+07 -3.60098e+11 2.32088 16.1574 487.583
0.366722 16.0436 19.0497 -191.488 -2110.39 -1.05098e+07 5.97846e+10 2.28927 16.1261 496.419
0.37039 16.2984 10.7839 -64.9472 7930.63 4.20404e+07 -1.11585e+12 2.25807 16.0964 505.464
0.374093 15.8207 24.9999 -283.982 -9348.43 -6.43112e+07 1.93373e+12 2.22728 16.0681 514.718
0.377834 16.232 11.4819 -69.9673 8678.61 5.21755e+07 -1.50404e+12 2.1969 16.0402 524.152
0.381613 15.6663 29.0967 -352.646 -15577.5 -1.36987e+08 6.41181e+12 2.1669 16.0116 533.735
0.385429 16.3984 4.2614 59.647 22474.1 1.99238e+08 -1.05392e+13 2.1373 15.9815 543.439
0.389283 15.712 26.5713 -312.467 -12072.2 -1.36389e+08 9.06506e+12 2.10809 15.9498 553.264
0.393176 16.1617 10.484 -35.0758 15510.8 1.6144e+08 -1.15278e+13 2.07929 15.9168 563.215
0.397108 15.5239 32.0129 -409.002 -22171.4 -3.05892e+08 2.81978e+13 2.05086 15.8824 573.296
0.401079 16.2531 5.14292 74.7142 30203 4.45857e+08 -5.59631e+13 2.0228 15.8473 583.526
0.40509 15.6468 26.2243 -303.258 -10392.8 -1.587e+08 1.01394e+13 1.99513 15.812 593.929
0.40914 15.9756 13.2759 -61.7078 17579.2 3.09785e+08 -5.40278e+13 1.96784 15.7772 604.533
0.413232 15.7409 21.3661 -213.487 -474.945 -9.6413e+07 4.43385e+13 1.94091 15.7431 615.35
0.417364 15.4852 30.4595 -388.499 -22379.7 -6.56042e+08 2.05807e+14 1.91434 15.7093 626.371
0.421538 15.7822 17.6285 -128.212 13098.9 3.20854e+08 -9.77818e+13 1.88815 15.6754 637.583
0.425753 15.5149 27.3825 -320.276 -11994.3 -3.78034e+08 1.00348e+14 1.86231 15.641 648.973
0.430011 15.8259 13.6074 -33.5495 29099.5 9.41114e+08 -4.32492e+14 1.83681 15.6061 660.537
0.434311 15.1595 40.6226 -598.797 -54013.7 -2.22052e+09 1.19379e+15 1.81167 15.5704 672.272
0.438654 15.8091 11.5933 30.3283 44126.9 1.98678e+09 -1.49924e+15 1.78688 15.5338 684.176
0.44304 15.4703 25.1612 -259.304 -472.092 -1.26277e+07 -1.88446e+14 1.76242 15.4966 696.256
0.447471 15.6259 17.1486 -77.9576 29701.6 1.38394e+09 -9.62217e+14 1.73832 15.459 708.528
0.451946 15.1632 37.1017 -529.776 -48604.8 -3.59174e+09 5.16576e+15 1.71452 15.4214 721.01
0.456465 15.401 24.7589 -236.439 5679.55 1.51625e+08 3.20329e+13 1.69108 15.3839 733.713
0.46103 15.7128 8.30392 168.629 86334.7 7.20219e+09 -1.42181e+16 1.66795 15.3463 746.635
0.46564 14.9703 42.9538 -665.535 -76262.7 -6.98827e+09 1.30144e+16 1.64515 15.3086 759.77
0.470296 15.5482 13.0965 76.4623 75198.3 7.44465e+09 -1.93891e+16 1.62266 15.2706 773.116
0.474999 15.0558 36.5421 -509.709 -48821.3 -6.70994e+09 2.47643e+16 1.60049 15.2322 786.672
0.479749 15.0645 34.5461 -449.737 -33573.8 -4.626e+09 1.68068e+16 1.57863 15.1934 800.439
0.484547 15.4019 15.3219 61.7861 85152.7 1.17617e+10 -4.90048e+16 1.55707 15.1541 814.417
0.489392 14.8246 44.8818 -728.748 -105983 -2.03722e+10 1.3508e+17 1.53581 15.1144 828.613
0.494286 15.3388 14.631 120.558 114737 2.34414e+10 -1.95525e+17 1.51486 15.0745 843.033
0.499229 15.1762 21.8671 -68.7007 69480.7 1.59068e+10 -1.70805e+17 1.49419 15.0344 857.69
0.504221 14.6087 52.8963 -957.091 -176924 -4.6284e+10 5.10174e+17 1.47383 14.9941 872.589
0.509264 15.159 18.9824 41.7154 108557 2.8911e+10 -3.65694e+17 1.45373 14.9537 887.729
0.514356 15.01 25.7139 -140.883 61220 1.902e+10 -3.24291e+17 1.43394 14.9131 903.11
0.5195 14.7233 41.4026 -613.803 -86714.1 -3.59665e+10 8.28393e+17 1.41441 14.8721 918.73
0.524695 14.8402 32.3587 -328.797 2736.87 -7.23411e+09 4.31185e+17 1.39515 14.8307 934.592
0.529942 14.9509 22.8011 0.822621 126113 6.12813e+10 -2.17212e+18 1.37619 14.7891 950.7
0.535241 14.5568 46.1188 -740.086 -128834 -6.04104e+10 1.30677e+18 1.35747 14.7472 967.059
0.540594 14.6258 39.8664 -537.99 -65107 -4.63223e+10 2.13501e+18 1.33902 14.705 983.675
0.546 14.9051 18.7101 190.001 214637 1.29001e+11 -5.84571e+18 1.32084 14.6626 1000.55
0.55146 14.5542 40.2883 -531.471 -62089 -5.87991e+10 4.97558e+18 1.30292 14.6201 1017.71
0.556974 14.3099 55.3592 -1058.49 -285996 -2.64347e+11 2.29523e+19 1.28523 14.5774 1035.13
0.562544 14.6407 29.1744 -104.931 126571 1.15801e+11 -1.30851e+19 1.26781 14.5346 1052.83
0.568169 14.7942 14.7525 461.66 404661 4.7499e+11 -6.83166e+19 1.25063 14.4914 1070.81
0.573851 14.3803 43.0409 -580.214 -78560.1 -9.77462e+10 1.02754e+19 1.23371 14.448 1089.06
0.579589 14.3114 46.2304 -711.374 -165690 -3.40446e+11 9.47437e+19 1.217 14.4042 1107.58
0.585385 14.4118 35.383 -262.988 73161.5 4.26048e+10 1.82477e+19 1.20054 14.3603 1126.4
0.591239 14.6182 15.3382 582.601 555989 1.03067e+12 -2.94795e+20 1.18431 14.3163 1145.52
0.597152 13.8221 77.1384 -1913.26 -817708 -1.61907e+12 4.74748e+20 1.16831 14.2722 1164.95
0.603123 14.436 23.2195 341.145 479865 1.20964e+12 -5.70843e+20 1.15254 14.228 1184.68
0.609154 14.0961 48.9693 -733.188 -162674 -4.06336e+11 1.76964e+20 1.137 14.1835 1204.72
0.615246 14.2517 32.9386 -48.0357 232462 3.45647e+11 1.74857e+20 1.12168 14.1388 1225.06
0.621398 14.1711 36.2034 -147.368 202977 5.20722e+11 -1.8018e+20 1.10657 14.0939 1245.71
0.627612 13.8691 59.3609 -1138.1 -418807 -1.15906e+12 2.60192e+20 1.09167 14.0488 1266.68
0.633888 13.967 47.4973 -597.658 -69193.7 -1.23184e+11 -4.16826e+20 1.07698 14.0036 1287.99
0.640227 13.9932 42.0193 -344.121 82586.9 6.36277e+09 6.24123e+20 1.0625 13.9583 1309.62
0.64663 13.953 42.0201 -312.596 122791 3.38818e+11 3.08372e+19 1.04823 13.9128 1331.59
0.653096 13.9671 36.8075 -30.6566 355696 1.69526e+12 -2.24608e+21 1.03415 13.8671 1353.9
0.659627 13.7924 50.3281 -679.148 -178270 -1.92434e+12 6.38849e+21 1.02027 13.8213 1376.55
0.666223 13.7401 51.0977 -663.573 -110720 -3.47408e+11 -3.20454e+21 1.00659 13.7752 1399.54
0.672885 13.5612 65.6265 -1392.84 -764502 -5.86092e+12 1.35614e+22 0.993099 13.729 1422.88
0.679614 13.5999 58.09 -1006.67 -476190 -5.49447e+12 2.76277e+22 0.979801 13.6826 1446.57
0.68641 13.7459 37.7086 138.715 672376 7.39367e+12 -3.90954e+22 0.966692 13.6361 1470.63
0.693275 13.6239 46.6363 -319.157 219832 1.87099e+12 -2.1137e+21 0.953772 13.5894 1495.06
0.700207 13.4603 60.4283 -1060.99 -553804 -8.84023e+12 8.362e+22 0.941038 13.5427 1519.86
0.707209 13.5779 41.9838 46.7911 708963 1.23371e+13 -1.39614e+23 0.928471 13.4958 1545.04
0.714281 13.5228 43.1927 37.8459 774539 1.7418e+13 -2.85389e+23 0.916076 13.4488 1570.6
0.721424 13.3506 59.2235 -907.76 -399595 -9.27157e+12 1.76084e+23 0.903865 13.4016 1596.55
0.728638 13.1597 78.3207 -2089.46 -1.9919e+06 -5.40449e+13 1.20509e+24 0.891835 13.3543 1622.89
0.735925 13.3394 50.0676 -246.14 530994 1.98407e+13 -6.99282e+23 0.879955 13.3068 1649.63
0.743284 13.3205 47.17 -21.9761 855599 3.18391e+13 -1.26396e+24 0.868245 13.2591 1676.76
0.750717 13.2589 50.2153 -213.126 498622 9.10342e+12 1.82723e+23 0.856715 13.2113 1704.29
0.758224 12.8005 105.522 -3846.19 -4.83849e+06 -1.86886e+14 7.52733e+24 0.845326 13.1634 1732.24
0.765806 13.1864 47.5762 119.698 1.25002e+06 6.88089e+13 -4.8976e+24 0.834104 13.1154 1760.62
0.773464 12.922 78.5611 -1999.46 -2.17781e+06 -9.74522e+13 4.36672e+24 0.823049 13.0674 1789.43
0.781199 12.9828 64.9219 -1061.93 -848640 -6.93768e+13 8.12576e+24 0.812128 13.0194 1818.69
0.789011 13.0353 50.6963 43.7899 1.19665e+06 7.36745e+13 -6.34908e+24 0.801387 12.9713 1848.39
0.796901 12.9914 50.1658 178.993 1.63499e+06 1.45081e+14 -2.27087e+25 0.790762 12.923 1878.53
0.80487 12.6609 93.4794 -3037.73 -4.45012e+06 -3.28497e+14 3.5775e+25 0.780318 12.8747 1909.12
0.812919 12.8108 64.9314 -884.013 -560028 -8.75498e+13 2.63779e+25 0.769988 12.8262 1940.16
0.821048 12.6081 90.068 -2819.14 -4.58888e+06 -5.11511e+14 1.14275e+26 0.759825 12.7776 1971.66
0.829259 12.7648 57.0407 -46.0951 1.68065e+06 3.12382e+14 -1.35398e+26 0.749791 12.7289 2003.62
0.837551 12.8575 35.4495 1711.93 5.32736e+06 6.62499e+14 -1.81722e+26 0.739896 12.6801 2036.05
0.845927 12.5947 72.1512 -1316.46 -1.83083e+06 -4.65979e+14 3.11599e+26 0.730158 12.6311 2068.97
0.854386 12.6823 48.5848 843.933 3.86664e+06 6.81309e+14 -3.39088e+26 0.720525 12.5821 2102.36
0.86293 12.5753 58.3901 147.635 2.6246e+06 7.48142e+14 -6.74335e+26 0.711036 12.533 2136.25
0.871559 12.2652 106.89 -4215.98 -9.46344e+06 -2.18333e+15 1.68993e+27 0.701691 12.4838 2170.64
0.880275 12.4419 67.1659 -586.089 320270 4.43213e+12 1.45141e+26 0.692464 12.4346 2205.54
0.889077 12.4176 62.9623 -88.8647 2.04121e+06 7.69473e+14 -1.33166e+27 0.683357 12.3854 2240.97
0.897968 12.5558 29.0614 3115.46 1.12032e+07 3.17178e+15 -3.43527e+27 0.674381 12.3362 2276.92
0.906948 12.0478 117.816 -5327.12 -1.47069e+07 -5.54458e+15 9.3619e+27 0.665532 12.2869 2313.4
0.916017 12.4195 35.4618 2879.24 1.2017e+07 5.01861e+15 -1.00918e+28 0.656808 12.2375 2350.41
0.925178 12.0583 98.1766 -3272.34 -8.15426e+06 -3.13155e+15 5.27206e+27 0.648204 12.188 2387.96
0.934429 11.989 103.762 -3837.87 -1.05739e+07 -4.91655e+15 1.21582e+28 0.639717 12.1385 2426.06
0.943774 12.0779 76.3566 -963.904 -506266 2.22688e+14 -4.25584e+27 0.631338 12.0889 2464.72
0.953211 12.1961 42.7588 2553.98 1.17624e+07 5.86062e+15 -1.2828e+28 0.623076 12.0393 2503.94
0.962743 12.0474 64.6685 297.671 3.19909e+06 3.74848e+14 9.80717e+27 0.614928 11.9896 2543.74
0.972371 12.2557 6.02989 7130.04 3.32083e+07 2.87333e+16 -2.01891e+29 0.606893 11.9399 2584.11
0.982095 11.5854 147.748 -8888.88 -3.59236e+07 -3.59366e+16 3.0569e+29 0.59896 11.8902 2625.06
0.991916 11.7249 104.779 -3837.05 -1.35414e+07 -1.4352e+16 1.45487e+29 0.591133 11.8404 2666.61
1.00183 11.8722 57.2318 2088.51 1.61229e+07 2.77681e+16 -4.86279e+29 0.583413 11.7905 2708.76
1.01185 11.7873 68.3768 613.291 6.77612e+06 6.388e+15 1.66375e+28 0.5758 11.7406 2751.51
1.02197 11.4145 149.105 -9277.26 -4.36885e+07 -7.11723e+16 1.40817e+30 0.568295 11.6907 2794.88
1.03219 11.8884 17.3723 7511.19 4.64074e+07 9.04301e+16 -2.29792e+30 0.560898 11.6407 2838.86
1.04251 11.5722 87.2526 -1432.72 -3.38503e+06 -7.11814e+15 2.16219e+29 0.553586 11.5906 2883.47
1.05294 11.3489 135.645 -7939.77 -4.35826e+07 -1.11951e+17 4.33704e+30 0.546371 11.5405 2928.71
1.06347 11.825 -5.13044 11132.1 7.20317e+07 1.85646e+17 -7.98855e+30 0.539266 11.4904 2974.6
1.0741 11.3925 100.028 -3110.07 -1.65422e+07 -6.17192e+16 3.84475e+30 0.53225 11.4403 3021.16
1.08484 11.2909 114.484 -4919.48 -2.72651e+07 -9.06524e+16 5.65759e+30 0.525322 11.3902 3068.39
1.09569 11.4027 67.7007 2067.77 2.27458e+07 1.15162e+17 -1.20211e+31 0.518508 11.3401 3116.29
1.10665 11.1085 141.155 -8738.31 -5.6928e+07 -2.46979e+17 2.42404e+31 0.511753 11.29 3164.88
1.11772 11.4468 26.5845 8404.76 6.92102e+07 3.29646e+17 -3.705e+31 0.505119 11.2398 3214.16
1.12889 11.0616 128.56 -6874.13 -4.71301e+07 -2.60543e+17 3.58268e+31 0.498544 11.1897 3264.13
1.14018 11.2249 64.2023 3070.87 2.97953e+07 1.38298e+17 -1.30406e+31 0.492084 11.1394 3314.8
1.15158 11.1715 63.7909 3611.79 3.96907e+07 2.94061e+17 -6.5385e+31 0.485686 11.0892 3366.17
1.1631 10.8297 158.137 -11379.5 -8.88247e+07 -6.41559e+17 1.51985e+32 0.479382 11.039 3418.27
1.17473 11.0664 65.7848 3787.03 4.56018e+07 4.48403e+17 -1.51829e+32 0.473177 10.9887 3471.1
1.18648 10.9392 94.102 -1065.98 -3.84896e+06 -1.0485e+17 8.2515e+31 0.467026 10.9384 3524.68
1.19834 10.9792 64.0205 4266.45 4.96294e+07 5.38534e+17 -2.53945e+32 0.460966 10.8882 3579.01
1.21033 10.7092 141.333 -9016.35 -8.35616e+07 -9.6695e+17 4.14778e+32 0.454992 10.838 3634.11
1.22243 10.7555 110.831 -3967.39 -4.15013e+07 -8.46066e+17 7.59734e+32 0.449103 10.7878 3689.99
1.23465 11.0606 -19.4589 20187.7 2.30491e+08 3.51543e+18 -2.84498e+33 0.443282 10.7377 3746.66
1.247 10.5115 163.078 -12956.1 -1.39163e+08 -2.55132e+18 2.7981e+33 0.437532 10.6875 3804.13
1.25947 10.4605 161.475 -11993.8 -1.16896e+08 -1.61542e+18 1.03247e+33 0.431859 10.6374 3862.39
1.27206 10.6366 76.5824 4295.99 8.01567e+07 2.50487e+18 -4.69087e+33 0.426261 10.5872 3921.44
1.28478 10.3411 178.627 -16442.2 -2.06495e+08 -5.63701e+18 1.1297e+34 0.420738 10.537 3981.3
1.29763 10.752 -3.50998 19944.4 2.75143e+08 7.44428e+18 -1.6117e+34 0.415288 10.4868 4041.97
1.31061 10.365 134.948 -8147.05 -1.15353e+08 -4.67966e+18 1.52292e+34 0.409912 10.4366 4103.47
1.32372 10.4424 79.9571 4041.96 7.62032e+07 3.31324e+18 -1.42297e+34 0.404596 10.3864 4165.79
1.33695 10.2894 124.98 -5438.22 -7.0344e+07 -3.12801e+18 1.57426e+34 0.399344 10.3361 4228.97
1.35032 10.3838 61.7881 8753.43 1.61519e+08 8.25641e+18 -4.19947e+34 0.394165 10.2859 4293.02
1.36383 10.085 173.025 -15697.1 -2.3722e+08 -1.10995e+19 5.61368e+34 0.389062 10.2358 4357.95
1.37746 10.2165 95.5231 1221.92 2.61481e+07 5.96736e+17 -1.55562e+33 0.384022 10.1857 4423.79
1.39124 10.3722 3.22728 22283 3.84024e+08 2.07817e+19 -1.45664e+35 0.379031 10.1356 4490.53
1.40515 10.053 126.409 -5617.78 -1.04879e+08 -1.09142e+19 1.45192e+35 0.374125 10.0855 4558.16
1.4192 9.99165 127.221 -4450.7 -4.65018e+07 -1.09961e+18 2.46148e+33 0.369264 10.0355 4626.71
1.43339 10.0094 91.6686 5237.15 1.75876e+08 2.61387e+19 -5.56847e+35 0.364477 9.98544 4696.17
1.44773 9.80381 175.874 -16856.6 -3.31246e+08 -3.79783e+19 9.04939e+35 0.359741 9.9354 4766.55
1.46221 10.1303 -11.942 30627 6.8018e+08 7.91607e+19 -1.88767e+36 0.35508 9.88537 4837.88
1.47683 9.72984 173.146 -17670 -4.21944e+08 -6.90234e+19 2.3826e+36 0.350457 9.83537 4910.15
1.4916 9.79264 111.419 -285.412 2.32524e+07 1.29442e+19 -1.07977e+36 0.345909 9.78541 4983.41
1.50651 9.75003 109.842 -24.0938 1.01079e+07 2.65918e+18 -3.2614e+35 0.341419 9.73551 5057.65
1.52158 9.81647 48.4712 16521.8 3.93203e+08 5.25057e+19 -1.25097e+36 0.33697 9.68567 5132.9
1.53679 9.62881 120.326 -1826.18 -1.89879e+07 1.04843e+17 -9.17088e+35 0.332583 9.63586 5209.14
1.55216 9.35777 244.603 -36439.1 -9.4068e+08 -2.14221e+20 1.57277e+37 0.328255 9.58608 5286.39
1.56768 9.62215 61.5321 17368.8 5.90042e+08 1.83269e+20 -1.77663e+37 0.323982 9.53631 5364.65
1.58336 9.44839 137.137 -4985.8 -7.04211e+07 -7.91225e+18 3.44302e+36 0.319762 9.48656 5443.93
1.59919 9.36378 161.98 -12703.9 -3.0857e+08 -4.89321e+19 -4.61384e+36 0.315592 9.43682 5524.24
1.61518 9.44169 95.8041 4782.72 7.18294e+07 -4.55066e+19 1.51269e+37 0.311473 9.38711 5605.59
1.63134 9.53212 11.7288 30537.9 8.58462e+08 2.05912e+20 -1.35825e+37 0.307404 9.33743 5688
1.64765 9.32747 99.8372 6070.28 2.23057e+08 1.03453e+20 -2.66213e+37 0.303388 9.2878 5771.48
1.66413 8.98106 283.743 -50542.8 -1.59955e+09 -6.28382e+20 1.12185e+38 0.299426 9.23822 5856.06
1.68077 9.02881 226.156 -33178.3 -1.11231e+09 -5.93974e+20 2.08833e+38 0.29552 9.18869 5941.74
1.69757 9.37557 -34.7542 53484.7 2.07066e+09 1.27924e+21 -4.60162e+38 0.291634 9.1392 6028.53
1.71455 9.09197 127.078 -1633.61 -6.65048e+07 -7.73439e+19 -1.60884e+37 0.287815 9.08975 6116.43
1.7317 8.97916 174.693 -18805.9 -8.38814e+08 -8.94372e+20 7.22249e+38 0.284045 9.04034 6205.45
1.74901 9.17511 -6.88518 48968.5 2.26677e+09 2.44314e+21 -2.11986e+39 0.280308 8.99095 6295.6
1.7665 8.63489 356.919 -85181.2 -3.84341e+09 -4.13716e+21 3.77163e+39 0.276631 8.9416 6386.89
1.78417 9.14598 -57.0114 68303.5 3.1611e+09 3.55124e+21 -3.7707e+39 0.272988 8.89227 6479.32
1.80201 8.98914 20.5788 40787.8 1.95311e+09 2.16498e+21 -1.74728e+39 0.26939 8.84299 6572.93
1.82003 8.49691 353.366 -83549.7 -3.86762e+09 -4.70338e+21 5.59937e+39 0.265851 8.79376 6667.71
1.83823 8.77594 103.481 12546.8 8.71912e+08 2.10843e+21 -5.19928e+39 0.262337 8.74459 6763.7
1.85661 9.02965 -129.533 103241 5.46853e+09 9.56872e+21 -2.20542e+40 0.258865 8.69547 6860.9
1.87518 8.57337 206.813 -35141 -2.41614e+09 -7.61703e+21 3.17047e+40 0.25544 8.6464 6959.3
1.89393 8.64046 90.6921 21762.5 1.78184e+09 7.42806e+21 -4.44836e+40 0.252057 8.59734 7058.91
1.91287 8.33245 319.843 -79048.5 -4.80714e+09 -1.40723e+22 8.00751e+40 0.248715 8.54832 7159.73
1.932 8.55732 82.5749 25027.1 1.90584e+09 8.31365e+21 -6.94407e+40 0.245412 8.49933 7261.79
1.95132 8.50162 103.536 10048.8 1.57847e+08 -4.03445e+21 5.55975e+40 0.242151 8.45041 7365.11
1.97083 8.64683 -83.3991 100149 6.93302e+09 2.60039e+22 -1.94206e+41 0.238931 8.40157 7469.73
1.99054 7.90171 550.372 -187899 -1.30436e+10 -5.26175e+22 4.7114e+41 0.235756 8.3528 7575.63
2.01045 8.39372 49.3679 45459.6 3.86091e+09 2.37032e+22 -3.53656e+41 0.232596 8.30407 7682.83
2.03055 8.46468 -49.2795 86319 6.01572e+09 2.17404e+22 -9.94087e+40 0.229485 8.25538 7791.29
2.05086 8.01557 333.653 -95967.4 -7.83993e+09 -4.9211e+22 8.42638e+41 0.226424 8.20671 7901.04
2.07136 8.13162 165.212 -9090.65 -2.58957e+08 7.14426e+21 -4.30971e+41 0.223374 8.15808 8012.09
2.09208 8.34029 -93.32 121765 1.08469e+10 8.56728e+22 -2.14276e+42 0.220384 8.10949 8124.45
2.113 7.75365 471.308 -173569 -1.61916e+10 -1.53541e+23 5.23606e+42 0.217411 8.06095 8238.15
2.13413 8.20115 -55.7031 107533 1.04119e+10 1.058e+23 -3.92669e+42 0.214477 8.01247 8353.2
2.15547 7.92907 182.937 -18560.4 -1.32732e+09 3.82879e+21 -1.72583e+42 0.211589 7.96405 8469.6
2.17702 7.80637 277.71 -76940.3 -8.56071e+09 -1.25019e+23 7.57392e+42 0.208732 7.91568 8587.36
2.19879 8.0872 -91.2348 129839 1.27533e+10 1.25887e+23 -2.51301e+42 0.205898 7.86736 8706.5
2.22078 7.56202 426.726 -150501 -1.47134e+10 -1.65489e+23 6.85758e+42 0.203101 7.81909 8827.01
2.24299 7.72382 191.428 -16783.4 -1.65299e+08 7.10056e+22 -1.57027e+43 0.200339 7.77086 8948.89
2.26542 7.85841 13.4133 68445.7 5.40117e+09 -2.78178e+22 2.43014e+43 0.197612 7.72268 9072.16
2.28807 7.7576 66.3921 43562.3 3.89476e+09 3.34624e+22 -6.48251e+42 0.194915 7.67455 9196.83
2.31095 7.63797 119.058 31967.4 6.93807e+09 3.43056e+23 -9.4565e+43 0.192237 7.62646 9322.91
2.33406 7.20891 616.308 -291790 -3.90549e+10 -1.15882e+24 2.91555e+44 0.1896 7.57843 9450.4
2.35741 7.94129 -375.805 341337 4.72551e+10 1.44995e+24 -3.81033e+44 0.187008 7.53045 9579.32
2.38098 7.36409 309.015 -100120 -1.40083e+10 -4.42361e+23 9.66833e+43 0.184417 7.48252 9709.67
2.40479 7.29986 332.704 -115324 -1.61443e+10 -5.32045e+23 1.97821e+44 0.181886 7.43465 9841.46
2.42884 7.59297 -113.076 178513 2.67689e+10 1.15018e+24 -6.00237e+44 0.179357 7.38683 9974.7
2.45313 7.35415 150.98 -3751.5 -2.73359e+09 -3.70581e+23 3.35134e+44 0.176871 7.33906 10109.4
2.47766 7.19312 288.844 -86539.4 -1.27808e+10 -5.88727e+23 5.80355e+44 0.174426 7.29134 10245.5
2.50243 7.06387 415.873 -183535 -3.14683e+10 -1.85796e+24 1.13648e+45 0.171988 7.24367 10383.1
2.52746 7.689 -568.227 537761 9.75768e+10 6.62208e+24 -6.06461e+45 0.169583 7.19605 10522.2
2.55273 6.56031 1039.89 -656804 -1.22492e+11 -9.35876e+24 1.10007e+46 0.167208 7.14847 10662.7
2.57826 7.46752 -400.716 434638 8.77968e+10 8.73256e+24 -1.54111e+46 0.164863 7.10094 10804.7
2.60404 7.11641 103.123 19001.3 -5.91982e+09 -2.71958e+24 8.18809e+45 0.162549 7.05346 10948.2
2.63008 6.85407 396.568 -181080 -3.77151e+10 -4.73638e+24 1.52055e+46 0.160244 7.00603 11093.2
2.65638 6.77467 422.813 -182101 -3.04289e+10 -1.82576e+24 1.87275e+45 0.157974 6.95865 11239.6
2.68295 7.01501 -12.4427 152716 3.78479e+10 6.66715e+24 -3.13836e+46 0.155744 6.91131 11387.5
2.70978 6.99356 -12.2902 122931 1.95565e+10 7.9226e+23 2.39743e+45 0.153516 6.86402 11536.9
2.73687 6.72442 365.049 -200404 -6.21114e+10 -1.60263e+25 1.09091e+47 0.15134 6.81677 11687.8
2.76424 6.82531 46.5028 122100 3.66864e+10 7.5034e+24 -1.882e+46 0.149162 6.76956 11840.2
2.79189 6.42344 646.118 -383231 -8.28008e+10 -8.89435e+24 -2.70758e+46 0.147018 6.72241 11994
2.8198 6.93944 -305.472 427086 1.16055e+11 2.91375e+25 -2.92741e+47 0.144905 6.67531 12149.4
2.848 6.76909 -49.6332 169356 3.14563e+10 -1.92128e+24 1.38992e+47 0.142817 6.62826 12306.2
2.87648 6.31511 653.91 -436471 -1.17974e+11 -2.65013e+25 2.18917e+47 0.140748 6.58127 12464.6
2.90525 6.59649 60.8526 98838 2.55885e+10 3.65102e+24 4.52386e+46 0.138699 6.53433 12624.5
2.9343 6.69446 -230.461 391923 1.23039e+11 4.46085e+25 -7.94065e+47 0.136674 6.48743 12785.8
2.96364 6.15459 715.42 -514998 -1.57095e+11 -5.64905e+25 1.06232e+48 0.134679 6.44058 12948.6
2.99328 6.40481 166.448 -4110.51 -9.1313e+09 -1.75144e+25 1.16801e+48 0.13271 6.39378 13112.9
